16
XM_050900672.1_Gymnogyps_californianus  0.0000000 0.0538612 0.0539624 0.0538612 0.0578752 0.0596787 0.0579862 0.0578752 0.0588135 0.0585836 0.0584945 0.0586065 0.0584945 0.0428364 0.0637054 0.0637054 
XM_030032749.2_Aquila_chrysaeto         0.0538612 0.0000000 0.0255454 0.0255043 0.0238790 0.0547796 0.0532745 0.0531818 0.0344577 0.0343330 0.0343110 0.0343676 0.0294262 0.0176275 0.0386046 0.0258271 
XM_041127993.1_Aquila_chrysaeto         0.0539624 0.0255454 0.0000000 0.0000010 0.0520469 0.0398194 0.0393304 0.0393304 0.0285336 0.0284328 0.0284150 0.0284150 0.0526801 0.0176673 0.0325315 0.0559978 
XM_030032750.2_Aquila_chrysaeto         0.0538612 0.0255043 0.0000010 0.0000000 0.0519555 0.0406998 0.0393304 0.0392636 0.0284863 0.0283858 0.0283681 0.0284150 0.0525872 0.0176275 0.0324759 0.0558985 
XM_052802309.1_Harpia_harpyja           0.0578752 0.0238790 0.0520469 0.0519555 0.0000000 0.0279921 0.0268255 0.0267830 0.0384505 0.0383079 0.0382448 0.0383107 0.0433309 0.0188959 0.0423427 0.0324339 
XM_052802311.1_Harpia_harpyja           0.0596787 0.0547796 0.0398194 0.0406998 0.0279921 0.0000000 0.0002785 0.0008379 0.0414605 0.0413033 0.0412340 0.0403412 0.0607225 0.0205549 0.0445880 0.0639389 
XM_052802310.1_Harpia_harpyja           0.0579862 0.0532745 0.0393304 0.0393304 0.0268255 0.0002785 0.0000000 0.0000010 0.0400625 0.0399115 0.0398449 0.0398449 0.0591187 0.0189392 0.0431480 0.0623124 
XM_052802308.1_Harpia_harpyja           0.0578752 0.0531818 0.0393304 0.0392636 0.0267830 0.0008379 0.0000010 0.0000000 0.0399933 0.0398428 0.0397764 0.0398449 0.0590119 0.0188959 0.0430724 0.0622001 
XR_011325834.1_Haliaeetus_albicilla     0.0588135 0.0344577 0.0285336 0.0284863 0.0384505 0.0414605 0.0400625 0.0399933 0.0000000 0.0000010 0.0000010 0.0000010 0.0304059 0.0012900 0.0222466 0.0407372 
XR_011325835.1_Haliaeetus_albicilla     0.0585836 0.0343330 0.0284328 0.0283858 0.0383079 0.0413033 0.0399115 0.0398428 0.0000010 0.0000000 0.0000010 0.0000010 0.0304172 0.0012900 0.0225712 0.0410904 
XM_069789576.1_Haliaeetus_albicilla     0.0584945 0.0343110 0.0284150 0.0283681 0.0382448 0.0412340 0.0398449 0.0397764 0.0000010 0.0000010 0.0000000 0.0000010 0.0301081 0.0012900 0.0225582 0.0410632 
XM_069789579.1_Haliaeetus_albicilla     0.0586065 0.0343676 0.0284150 0.0284150 0.0383107 0.0403412 0.0398449 0.0398449 0.0000010 0.0000010 0.0000010 0.0000000 0.0301573 0.0012927 0.0225933 0.0411330 
XM_069789577.1_Haliaeetus_albicilla     0.0584945 0.0294262 0.0526801 0.0525872 0.0433309 0.0607225 0.0591187 0.0590119 0.0304059 0.0304172 0.0301081 0.0301573 0.0000000 0.0012900 0.0620767 0.0525248 
XM_010580697.1_Haliaeetus_leucocephalus 0.0428364 0.0176275 0.0176673 0.0176275 0.0188959 0.0205549 0.0189392 0.0188959 0.0012900 0.0012900 0.0012900 0.0012927 0.0012900 0.0000000 0.0156429 0.0156429 
XM_049809130.1_Astur_gentilis           0.0637054 0.0386046 0.0325315 0.0324759 0.0423427 0.0445880 0.0431480 0.0430724 0.0222466 0.0225712 0.0225582 0.0225933 0.0620767 0.0156429 0.0000000 0.0187693 
XM_049809131.1_Astur_gentilis           0.0637054 0.0258271 0.0559978 0.0558985 0.0324339 0.0639389 0.0623124 0.0622001 0.0407372 0.0410904 0.0410632 0.0411330 0.0525248 0.0156429 0.0187693 0.0000000 
