17
XR_005831353.1_Falco_naumanni   0.0000000 0.0158462 0.0150860 0.0167606 0.0440751 0.1280307 0.1280307 0.1280307 0.1228586 0.7642939 0.7868344 0.7855543 0.7877344 0.7453447 0.7435678 0.7441714 0.7462300 
XM_055795162.1_Falco_peregrinus 0.0158462 0.0000000 0.0042425 0.0038944 0.0035333 0.1228094 0.1219358 0.1219358 0.1313616 0.7582354 0.7858821 0.7846086 0.7867789 0.7431168 0.7430978 0.7419516 0.7439984 
XM_056331560.1_Falco_biarmicus  0.0150860 0.0042425 0.0000000 0.0017637 0.0021137 0.1228528 0.1219786 0.1219786 0.1314085 0.7602405 0.7879723 0.7866939 0.7888695 0.7451024 0.7451134 0.7439328 0.7459843 
XM_037372874.1_Falco_rusticolus 0.0167606 0.0038944 0.0017637 0.0000000 0.0027450 0.1228528 0.1228528 0.1228528 0.1314085 0.7620800 0.7884494 0.7871653 0.7893499 0.7468755 0.7451134 0.7456979 0.7477606 
XR_008733538.1_Falco_cherrug    0.0440751 0.0035333 0.0021137 0.0027450 0.0000000 0.1228528 0.1219786 0.1219786 0.1314085 0.7585062 0.7861730 0.7848985 0.7870701 0.7433804 0.7433654 0.7422144 0.7442623 
XM_037372865.1_Falco_rusticolus 0.1280307 0.1228094 0.1228528 0.1228528 0.1228528 0.0000000 0.0000010 0.0000010 0.0072437 0.6686823 0.7423262 0.7455891 0.7462676 0.6582336 0.6508437 0.6612345 0.6617810 
XM_055795161.1_Falco_peregrinus 0.1280307 0.1219358 0.1219786 0.1228528 0.1219786 0.0000010 0.0000000 0.0000010 0.0072437 0.6656356 0.7416804 0.7449159 0.7455881 0.6553027 0.6508437 0.6582766 0.6588153 
XM_055718436.1_Falco_cherrug    0.1280307 0.1219358 0.1219786 0.1228528 0.1219786 0.0000010 0.0000010 0.0000000 0.0072437 0.6656356 0.7416804 0.7449159 0.7455881 0.6553027 0.6508437 0.6582766 0.6588153 
XM_040617184.1_Falco_naumanni   0.1228586 0.1313616 0.1314085 0.1314085 0.1314085 0.0072437 0.0072437 0.0072437 0.0000000 0.6710370 0.7447170 0.7479780 0.7486586 0.6605777 0.6532442 0.6635773 0.6641258 
XM_040585677.1_Falco_naumanni   0.7642939 0.7582354 0.7602405 0.7620800 0.7585062 0.6686823 0.6656356 0.6656356 0.6710370 0.0000000 0.0708369 0.0689127 0.0667800 0.0222318 0.0211764 0.0214923 0.0184719 
XM_014283912.3_Falco_cherrug    0.7868344 0.7858821 0.7879723 0.7884494 0.7861730 0.7423262 0.7416804 0.7416804 0.7447170 0.0708369 0.0000000 0.0063459 0.0027543 0.0590346 0.0431705 0.0660494 0.0628883 
XM_055800762.1_Falco_peregrinus 0.7855543 0.7846086 0.7866939 0.7871653 0.7848985 0.7455891 0.7449159 0.7449159 0.7479780 0.0689127 0.0063459 0.0000000 0.0028126 0.0551905 0.0487785 0.0479844 0.0512003 
XM_056333395.1_Falco_biarmicus  0.7877344 0.7867789 0.7888695 0.7893499 0.7870701 0.7462676 0.7455881 0.7455881 0.7486586 0.0667800 0.0027543 0.0028126 0.0000000 0.0628883 0.0455689 0.0621528 0.0589646 
XM_055706171.1_Falco_cherrug    0.7453447 0.7431168 0.7451024 0.7468755 0.7433804 0.6582336 0.6553027 0.6553027 0.6605777 0.0222318 0.0590346 0.0551905 0.0628883 0.0000000 0.0007443 0.0063722 0.0035299 
XM_037382155.1_Falco_rusticolus 0.7435678 0.7430978 0.7451134 0.7451134 0.7433654 0.6508437 0.6508437 0.6508437 0.6532442 0.0211764 0.0431705 0.0487785 0.0455689 0.0007443 0.0000000 0.0059809 0.0029834 
XM_055800761.1_Falco_peregrinus 0.7441714 0.7419516 0.7439328 0.7456979 0.7422144 0.6612345 0.6582766 0.6582766 0.6635773 0.0214923 0.0660494 0.0479844 0.0621528 0.0063722 0.0059809 0.0000000 0.0028241 
XM_056333394.1_Falco_biarmicus  0.7462300 0.7439984 0.7459843 0.7477606 0.7442623 0.6617810 0.6588153 0.6588153 0.6641258 0.0184719 0.0628883 0.0512003 0.0589646 0.0035299 0.0029834 0.0028241 0.0000000 
