42
XM_040604592.1_Falco_naumanni   0.0000000 0.0077680 0.0061897 0.0061947 0.1175193 0.1349762 0.1293851 0.1292447 0.1320757 1.9852062 1.9852062 1.9729203 1.9793449 1.9746539 1.9868970 1.9729203 1.9798930 1.9798930 1.9798930 1.9816787 1.9756378 1.9816787 1.9688375 1.9688375 1.9761910 1.9564602 2.0514803 2.0452665 2.0460511 2.0514803 1.9519953 2.0152464 1.8981439 1.9168936 1.9168936 1.9168936 1.9245130 1.9689516 1.9424002 1.9613114 1.9613114 1.9613114 
XM_055719193.1_Falco_cherrug    0.0077680 0.0000000 0.0014589 0.0015207 0.1264229 0.1425649 0.1389706 0.1159038 0.1159038 2.0069440 2.0069440 1.9955542 2.0010524 1.9973015 2.0086472 1.9955542 2.0016689 2.0016689 2.0016689 2.0045219 1.9983609 2.0045219 1.9924788 1.9924788 1.9989971 1.9783840 2.1054328 2.0990134 2.0999814 2.1054328 1.9746177 2.0691221 1.8887996 1.9069598 1.9069598 1.9069598 1.9225586 1.9711940 1.9447254 1.9635794 1.9635794 1.9635794 
XM_056350122.1_Falco_biarmicus  0.0061897 0.0014589 0.0000000 0.0000010 0.1264387 0.1425812 0.1389868 0.1159186 0.1185863 1.9963605 1.9963605 1.9846147 1.9905208 1.9863439 1.9980468 1.9846147 1.9911006 1.9911006 1.9911006 1.9934376 1.9873335 1.9934376 1.9810033 1.9810033 1.9879295 1.9678922 2.0945015 2.0881369 2.0890660 2.0945015 1.9636334 2.0582827 1.8898371 1.9080156 1.9080156 1.9080156 1.9236285 1.9723271 1.9458317 1.9647055 1.9647055 1.9647055 
XM_037398325.1_Falco_rusticolus 0.0061947 0.0015207 0.0000010 0.0000000 0.1265755 0.1231767 0.1176472 0.1176472 0.1203621 1.9926063 1.9926063 1.9805665 1.9867059 1.9823135 1.9943097 1.9805665 1.9872801 1.9872801 1.9872801 1.9934376 1.9873335 1.9934376 1.9810033 1.9810033 1.9879295 1.9637834 2.0609220 2.0546498 2.0554693 2.0609220 1.9636334 2.0245502 1.9065482 1.9253319 1.9253319 1.9253319 1.9329563 1.9723271 1.9458317 1.9647055 1.9647055 1.9647055 
XM_040604591.1_Falco_naumanni   0.1175193 0.1264229 0.1264387 0.1265755 0.0000000 0.0085307 0.0085370 0.0085315 0.0097809 2.1153874 2.1153874 2.1086137 2.1233077 2.1103247 2.1170544 2.1086137 2.1105715 2.1105715 2.1105715 2.1161003 2.1242539 2.1161003 2.1091440 2.1091440 2.1111423 2.0889353 2.1757758 2.1838085 2.1708641 2.1757758 2.0888699 2.1428330 1.8349066 1.8400110 1.8453499 1.8400110 1.8712684 1.9122646 1.8755516 1.8859751 1.8806138 1.8806138 
XM_055811377.1_Falco_peregrinus 0.1349762 0.1425649 0.1425812 0.1231767 0.0085307 0.0000000 0.0031609 0.0023617 0.0035548 2.1283133 2.1283133 2.1220054 2.1361704 2.1237188 2.1299824 2.1220054 2.1235300 2.1235300 2.1235300 2.1353336 2.1435109 2.1353336 2.1289922 2.1289922 2.1303522 2.1020278 2.2146250 2.2226576 2.2096976 2.2146250 2.1079573 2.1816088 1.8163035 1.8213030 1.8297260 1.8213030 1.8591424 1.8967355 1.8604606 1.8740286 1.8654964 1.8654964 
XM_037398324.1_Falco_rusticolus 0.1293851 0.1389706 0.1389868 0.1176472 0.0085370 0.0031609 0.0000000 0.0000010 0.0011873 2.1256120 2.1256120 2.1191573 2.1335420 2.1208835 2.1272933 2.1191573 2.1207856 2.1207856 2.1207856 2.1303522 2.1385220 2.1303522 2.1238523 2.1238523 2.1253776 2.0990931 2.1879712 2.1960249 2.1830414 2.1879712 2.1030179 2.1549180 1.8324294 1.8375171 1.8461062 1.8375171 1.8686312 1.9050136 1.8685941 1.8821761 1.8736317 1.8736317 
XM_056350121.1_Falco_biarmicus  0.1292447 0.1159038 0.1159186 0.1176472 0.0085315 0.0023617 0.0000010 0.0000000 0.0011773 2.1235300 2.1235300 2.1170762 2.1313802 2.1187820 2.1251919 2.1170762 2.1187530 2.1187530 2.1187530 2.1303522 2.1385220 2.1303522 2.1238523 2.1238523 2.1253776 2.0972835 2.2096976 2.2177219 2.2047761 2.2096976 2.1030179 2.1767202 1.8242498 1.8292513 1.8376862 1.8292513 1.8672493 1.9050136 1.8685941 1.8821761 1.8736317 1.8736317 
XM_055719192.1_Falco_cherrug    0.1320757 0.1159038 0.1185863 0.1203621 0.0097809 0.0035548 0.0011873 0.0011773 0.0000000 2.1283437 2.1283437 2.1220370 2.1362003 2.1237503 2.1300127 2.1220370 2.1235605 2.1235605 2.1235605 2.1353647 2.1435416 2.1353647 2.1290247 2.1290247 2.1303836 2.1020594 2.2146509 2.2226831 2.2097239 2.2146509 2.1079898 2.1816366 1.8313039 1.8363048 1.8447460 1.8363048 1.8744246 1.9123212 1.8757922 1.8893798 1.8808289 1.8808289 
XM_055810727.1_Falco_peregrinus 1.9852062 2.0069440 1.9963605 1.9926063 2.1153874 2.1283133 2.1256120 2.1235300 2.1283437 0.0000000 0.0000010 0.0000010 0.0028860 0.0019860 0.0023187 0.0014850 0.0023161 0.0018550 0.0018463 0.0000010 0.0026145 0.0015644 0.0011262 0.0011262 0.0020888 0.0123395 0.0787549 0.0968570 0.0884055 0.0803304 0.0119043 0.1175290 1.2392181 1.2509081 1.2399637 1.2399637 1.2597494 1.2581603 1.2420123 1.2427875 1.2427875 1.2427875 
XM_055810726.1_Falco_peregrinus 1.9852062 2.0069440 1.9963605 1.9926063 2.1153874 2.1283133 2.1256120 2.1235300 2.1283437 0.0000010 0.0000000 0.0000010 0.0024031 0.0014876 0.0018536 0.0009892 0.0018515 0.0018558 0.0018506 0.0000010 0.0026145 0.0015644 0.0011262 0.0011262 0.0020888 0.0118605 0.0749201 0.0927985 0.0844369 0.0764679 0.0119043 0.1132608 1.2232022 1.2348930 1.2239284 1.2239284 1.2436604 1.2581603 1.2420123 1.2427875 1.2427875 1.2427875 
XM_055810729.1_Falco_peregrinus 1.9729203 1.9955542 1.9846147 1.9805665 2.1086137 2.1220054 2.1191573 2.1170762 2.1220370 0.0000010 0.0000010 0.0000000 0.0015449 0.0014876 0.0014876 0.0009892 0.0009892 0.0009916 0.0009887 0.0000010 0.0016918 0.0011262 0.0011262 0.0011262 0.0011262 0.0105718 0.0821189 0.1001878 0.0910060 0.0830406 0.0104874 0.1207582 1.2258377 1.2379602 1.2265941 1.2265941 1.2470676 1.2622449 1.2454623 1.2462716 1.2462716 1.2462716 
XM_037392034.1_Falco_rusticolus 1.9793449 2.0010524 1.9905208 1.9867059 2.1233077 2.1361704 2.1335420 2.1313802 2.1362003 0.0028860 0.0024031 0.0015449 0.0000000 0.0010294 0.0014393 0.0005133 0.0004780 0.0009595 0.0009572 0.0027063 0.0000010 0.0010778 0.0005836 0.0005836 0.0005382 0.0103388 0.0794131 0.0799457 0.0830683 0.0765854 0.0093853 0.0878139 1.2273665 1.2390593 1.2280979 1.2280979 1.2478475 1.2617199 1.2455750 1.2463538 1.2463538 1.2463538 
XM_056343971.1_Falco_biarmicus  1.9746539 1.9973015 1.9863439 1.9823135 2.1103247 2.1237188 2.1208835 2.1187820 2.1237503 0.0019860 0.0014876 0.0014876 0.0010294 0.0000000 0.0000010 0.0004941 0.0004944 0.0009925 0.0009900 0.0011256 0.0005620 0.0000010 0.0000010 0.0000010 0.0000010 0.0100432 0.0837327 0.0985047 0.0893635 0.0814397 0.0092891 0.1189042 1.2207386 1.2328502 1.2214880 1.2214880 1.2419248 1.2622449 1.2454623 1.2462716 1.2462716 1.2462716 
XM_056343968.1_Falco_biarmicus  1.9868970 2.0086472 1.9980468 1.9943097 2.1170544 2.1299824 2.1272933 2.1251919 2.1300127 0.0023187 0.0018536 0.0014876 0.0014393 0.0000010 0.0000000 0.0004941 0.0009242 0.0013912 0.0013880 0.0015636 0.0010410 0.0000010 0.0000010 0.0000010 0.0005195 0.0108583 0.0771000 0.0905164 0.0822066 0.0742969 0.0102330 0.1107772 1.2134075 1.2250784 1.2141206 1.2141206 1.2337851 1.2530523 1.2369389 1.2377070 1.2377070 1.2377070 
XM_055714331.1_Falco_cherrug    1.9729203 1.9955542 1.9846147 1.9805665 2.1086137 2.1220054 2.1191573 2.1170762 2.1220370 0.0014850 0.0009892 0.0009892 0.0005133 0.0004941 0.0004941 0.0000000 0.0000010 0.0004950 0.0004938 0.0011256 0.0005620 0.0000010 0.0000010 0.0000010 0.0000010 0.0094889 0.0846673 0.0994886 0.0903190 0.0823657 0.0092891 0.1199463 1.2265649 1.2387025 1.2273232 1.2273232 1.2478249 1.2622449 1.2454623 1.2462716 1.2462716 1.2462716 
XM_055714326.1_Falco_cherrug    1.9798930 2.0016689 1.9911006 1.9872801 2.1105715 2.1235300 2.1207856 2.1187530 2.1235605 0.0023161 0.0018515 0.0009892 0.0004780 0.0004944 0.0009242 0.0000010 0.0000000 0.0004621 0.0004610 0.0020888 0.0005198 0.0005198 0.0000010 0.0000010 0.0000010 0.0098340 0.0786776 0.0906420 0.0823241 0.0758571 0.0096864 0.1109856 1.2190064 1.2307013 1.2197278 1.2197278 1.2394523 1.2530523 1.2369389 1.2377070 1.2377070 1.2377070 
XM_055714328.1_Falco_cherrug    1.9798930 2.0016689 1.9911006 1.9872801 2.1105715 2.1235300 2.1207856 2.1187530 2.1235605 0.0018550 0.0018558 0.0009916 0.0009595 0.0009925 0.0013912 0.0004950 0.0004621 0.0000000 0.0000010 0.0020888 0.0005198 0.0005198 0.0000010 0.0000010 0.0000010 0.0103651 0.0757807 0.0876588 0.0793972 0.0729853 0.0096864 0.1078620 1.2078612 1.2195672 1.2085698 1.2085698 1.2282745 1.2530523 1.2369389 1.2377070 1.2377070 1.2377070 
XM_055714327.1_Falco_cherrug    1.9798930 2.0016689 1.9911006 1.9872801 2.1105715 2.1235300 2.1207856 2.1187530 2.1235605 0.0018463 0.0018506 0.0009887 0.0009572 0.0009900 0.0013880 0.0004938 0.0004610 0.0000010 0.0000000 0.0020888 0.0005198 0.0005198 0.0000010 0.0000010 0.0000010 0.0103131 0.0817116 0.0937728 0.0853904 0.0788628 0.0096864 0.1142662 1.2343178 1.2459978 1.2350568 1.2350568 1.2548087 1.2530523 1.2369389 1.2377070 1.2377070 1.2377070 
XM_055810728.1_Falco_peregrinus 1.9816787 2.0045219 1.9934376 1.9934376 2.1161003 2.1353336 2.1303522 2.1303522 2.1353647 0.0000010 0.0000010 0.0000010 0.0027063 0.0011256 0.0015636 0.0011256 0.0020888 0.0020888 0.0020888 0.0000000 0.0025886 0.0015480 0.0011142 0.0011142 0.0020681 0.0093706 0.0000010 0.0059795 0.0021611 0.0016187 0.0102176 0.0326405 1.1498744 1.1506025 1.1506025 1.1506025 1.1673030 1.2581603 1.2420123 1.2427875 1.2427875 1.2427875 
XM_037392035.1_Falco_rusticolus 1.9756378 1.9983609 1.9873335 1.9873335 2.1242539 2.1435109 2.1385220 2.1385220 2.1435416 0.0026145 0.0026145 0.0016918 0.0000010 0.0005620 0.0010410 0.0005620 0.0005198 0.0005198 0.0005198 0.0025886 0.0000000 0.0010262 0.0005535 0.0005535 0.0005124 0.0076841 0.0027063 0.0032322 0.0005382 0.0010778 0.0085689 0.0359399 1.1539175 1.1546503 1.1546503 1.1546503 1.1713428 1.2617199 1.2455750 1.2463538 1.2463538 1.2463538 
XM_056343970.1_Falco_biarmicus  1.9816787 2.0045219 1.9934376 1.9934376 2.1161003 2.1353336 2.1303522 2.1303522 2.1353647 0.0015644 0.0015644 0.0011262 0.0010778 0.0000010 0.0000010 0.0000010 0.0005198 0.0005198 0.0005198 0.0015480 0.0010262 0.0000000 0.0000010 0.0000010 0.0005060 0.0076839 0.0016187 0.0043310 0.0005382 0.0000010 0.0085687 0.0470024 1.1443619 1.1450817 1.1450817 1.1450817 1.1617496 1.2530523 1.2369389 1.2377070 1.2377070 1.2377070 
XM_055714332.1_Falco_cherrug    1.9688375 1.9924788 1.9810033 1.9810033 2.1091440 2.1289922 2.1238523 2.1238523 2.1290247 0.0011262 0.0011262 0.0011262 0.0005836 0.0000010 0.0000010 0.0000010 0.0000010 0.0000010 0.0000010 0.0011142 0.0005535 0.0000010 0.0000000 0.0000010 0.0000010 0.0065179 0.0011690 0.0041048 0.0000010 0.0000010 0.0075014 0.0491354 1.1497923 1.1505511 1.1505511 1.1505511 1.1679631 1.2622449 1.2454623 1.2462716 1.2462716 1.2462716 
XM_056343972.1_Falco_biarmicus  1.9688375 1.9924788 1.9810033 1.9810033 2.1091440 2.1289922 2.1238523 2.1238523 2.1290247 0.0011262 0.0011262 0.0011262 0.0005836 0.0000010 0.0000010 0.0000010 0.0000010 0.0000010 0.0000010 0.0011142 0.0005535 0.0000010 0.0000010 0.0000000 0.0000010 0.0065179 0.0011690 0.0041048 0.0000010 0.0000010 0.0075014 0.0491354 1.1497923 1.1505511 1.1505511 1.1505511 1.1679631 1.2622449 1.2454623 1.2462716 1.2462716 1.2462716 
XM_055714330.1_Falco_cherrug    1.9761910 1.9989971 1.9879295 1.9879295 2.1111423 2.1303522 2.1253776 2.1253776 2.1303836 0.0020888 0.0020888 0.0011262 0.0005382 0.0000010 0.0005195 0.0000010 0.0000010 0.0000010 0.0000010 0.0020681 0.0005124 0.0005060 0.0000010 0.0000010 0.0000000 0.0071253 0.0021611 0.0037844 0.0000010 0.0005382 0.0080222 0.0463433 1.1443619 1.1450817 1.1450817 1.1450817 1.1617496 1.2530523 1.2369389 1.2377070 1.2377070 1.2377070 
XM_040598440.1_Falco_naumanni   1.9564602 1.9783840 1.9678922 1.9637834 2.0889353 2.1020278 2.0990931 2.0972835 2.1020594 0.0123395 0.0118605 0.0105718 0.0103388 0.0100432 0.0108583 0.0094889 0.0098340 0.0103651 0.0103131 0.0093706 0.0076841 0.0076839 0.0065179 0.0065179 0.0071253 0.0000000 0.0883322 0.0897700 0.0913195 0.0854206 0.0016206 0.0763300 1.2491633 1.2549886 1.2499227 1.2499227 1.2697896 1.2628431 1.2466674 1.2474489 1.2474489 1.2474489 
XM_027787821.2_Falco_peregrinus 2.0514803 2.1054328 2.0945015 2.0609220 2.1757758 2.2146250 2.1879712 2.2096976 2.2146509 0.0787549 0.0749201 0.0821189 0.0794131 0.0837327 0.0771000 0.0846673 0.0786776 0.0757807 0.0817116 0.0000010 0.0027063 0.0016187 0.0011690 0.0011690 0.0021611 0.0883322 0.0000000 0.0024113 0.0019266 0.0014445 0.0093445 0.0109027 1.4134766 1.4236251 1.4144631 1.4144631 1.4252123 1.2581603 1.2420123 1.2427875 1.2427875 1.2427875 
XM_037392036.1_Falco_rusticolus 2.0452665 2.0990134 2.0881369 2.0546498 2.1838085 2.2226576 2.1960249 2.2177219 2.2226831 0.0968570 0.0927985 0.1001878 0.0799457 0.0985047 0.0905164 0.0994886 0.0906420 0.0876588 0.0937728 0.0059795 0.0032322 0.0043310 0.0041048 0.0041048 0.0037844 0.0897700 0.0024113 0.0000000 0.0004785 0.0009619 0.0087452 0.0116764 1.4168411 1.4269802 1.4178308 1.4178308 1.4285763 1.2617199 1.2455750 1.2463538 1.2463538 1.2463538 
XM_005432240.4_Falco_cherrug    2.0460511 2.0999814 2.0890660 2.0554693 2.1708641 2.2096976 2.1830414 2.2047761 2.2097239 0.0884055 0.0844369 0.0910060 0.0830683 0.0893635 0.0822066 0.0903190 0.0823241 0.0793972 0.0853904 0.0021611 0.0005382 0.0005382 0.0000010 0.0000010 0.0000010 0.0913195 0.0019266 0.0004785 0.0000000 0.0004803 0.0071056 0.0088502 1.4082790 1.4248353 1.4092580 1.4092580 1.4199869 1.2530523 1.2369389 1.2377070 1.2377070 1.2377070 
XM_056343969.1_Falco_biarmicus  2.0514803 2.1054328 2.0945015 2.0609220 2.1757758 2.2146250 2.1879712 2.2096976 2.2146509 0.0803304 0.0764679 0.0830406 0.0765854 0.0814397 0.0742969 0.0823657 0.0758571 0.0729853 0.0788628 0.0016187 0.0010778 0.0000010 0.0000010 0.0000010 0.0005382 0.0854206 0.0014445 0.0009619 0.0004803 0.0000000 0.0076629 0.0093898 1.4082790 1.4184171 1.4092580 1.4092580 1.4199869 1.2530523 1.2369389 1.2377070 1.2377070 1.2377070 
XM_040598442.1_Falco_naumanni   1.9519953 1.9746177 1.9636334 1.9636334 2.0888699 2.1079573 2.1030179 2.1030179 2.1079898 0.0119043 0.0119043 0.0104874 0.0093853 0.0092891 0.0102330 0.0092891 0.0096864 0.0096864 0.0096864 0.0102176 0.0085689 0.0085687 0.0075014 0.0075014 0.0080222 0.0016206 0.0093445 0.0087452 0.0071056 0.0076629 0.0000000 0.0089639 1.1673024 1.1680534 1.1680534 1.1680534 1.1847781 1.2628431 1.2466674 1.2474489 1.2474489 1.2474489 
XM_040598441.1_Falco_naumanni   2.0152464 2.0691221 2.0582827 2.0245502 2.1428330 2.1816088 2.1549180 2.1767202 2.1816366 0.1175290 0.1132608 0.1207582 0.0878139 0.1189042 0.1107772 0.1199463 0.1109856 0.1078620 0.1142662 0.0326405 0.0359399 0.0470024 0.0491354 0.0491354 0.0463433 0.0763300 0.0109027 0.0116764 0.0088502 0.0093898 0.0089639 0.0000000 1.4226228 1.4328344 1.4236268 1.4236268 1.4344595 1.2628431 1.2466674 1.2474489 1.2474489 1.2474489 
XM_055820210.1_Falco_peregrinus 1.8981439 1.8887996 1.8898371 1.9065482 1.8349066 1.8163035 1.8324294 1.8242498 1.8313039 1.2392181 1.2232022 1.2258377 1.2273665 1.2207386 1.2134075 1.2265649 1.2190064 1.2078612 1.2343178 1.1498744 1.1539175 1.1443619 1.1497923 1.1497923 1.1443619 1.2491633 1.4134766 1.4168411 1.4082790 1.4082790 1.1673024 1.4226228 0.0000000 0.0018782 0.0018782 0.0018782 0.0066891 0.0071574 0.0000010 0.0023416 0.0023416 0.0023416 
XM_055716721.1_Falco_cherrug    1.9168936 1.9069598 1.9080156 1.9253319 1.8400110 1.8213030 1.8375171 1.8292513 1.8363048 1.2509081 1.2348930 1.2379602 1.2390593 1.2328502 1.2250784 1.2387025 1.2307013 1.2195672 1.2459978 1.1506025 1.1546503 1.1450817 1.1505511 1.1505511 1.1450817 1.2549886 1.4236251 1.4269802 1.4248353 1.4184171 1.1680534 1.4328344 0.0018782 0.0000000 0.0000010 0.0000010 0.0067053 0.0071782 0.0023416 0.0000010 0.0000010 0.0000010 
XM_037393514.1_Falco_rusticolus 1.9168936 1.9069598 1.9080156 1.9253319 1.8453499 1.8297260 1.8461062 1.8376862 1.8447460 1.2399637 1.2239284 1.2265941 1.2280979 1.2214880 1.2141206 1.2273232 1.2197278 1.2085698 1.2350568 1.1506025 1.1546503 1.1450817 1.1505511 1.1505511 1.1450817 1.2499227 1.4144631 1.4178308 1.4092580 1.4092580 1.1680534 1.4236268 0.0018782 0.0000010 0.0000000 0.0000010 0.0067053 0.0071782 0.0023416 0.0000010 0.0000010 0.0000010 
XM_056346955.1_Falco_biarmicus  1.9168936 1.9069598 1.9080156 1.9253319 1.8400110 1.8213030 1.8375171 1.8292513 1.8363048 1.2399637 1.2239284 1.2265941 1.2280979 1.2214880 1.2141206 1.2273232 1.2197278 1.2085698 1.2350568 1.1506025 1.1546503 1.1450817 1.1505511 1.1505511 1.1450817 1.2499227 1.4144631 1.4178308 1.4092580 1.4092580 1.1680534 1.4236268 0.0018782 0.0000010 0.0000010 0.0000000 0.0067053 0.0071782 0.0023416 0.0000010 0.0000010 0.0000010 
XM_040599989.1_Falco_naumanni   1.9245130 1.9225586 1.9236285 1.9329563 1.8712684 1.8591424 1.8686312 1.8672493 1.8744246 1.2597494 1.2436604 1.2470676 1.2478475 1.2419248 1.2337851 1.2478249 1.2394523 1.2282745 1.2548087 1.1673030 1.1713428 1.1617496 1.1679631 1.1679631 1.1617496 1.2697896 1.4252123 1.4285763 1.4199869 1.4199869 1.1847781 1.4344595 0.0066891 0.0067053 0.0067053 0.0067053 0.0000000 0.0000010 0.0071574 0.0071782 0.0071782 0.0071782 
XM_040599990.1_Falco_naumanni   1.9689516 1.9711940 1.9723271 1.9723271 1.9122646 1.8967355 1.9050136 1.9050136 1.9123212 1.2581603 1.2581603 1.2622449 1.2617199 1.2622449 1.2530523 1.2622449 1.2530523 1.2530523 1.2530523 1.2581603 1.2617199 1.2530523 1.2622449 1.2622449 1.2530523 1.2628431 1.2581603 1.2617199 1.2530523 1.2530523 1.2628431 1.2628431 0.0071574 0.0071782 0.0071782 0.0071782 0.0000010 0.0000000 0.0068295 0.0078440 0.0078440 0.0078440 
XM_027795979.2_Falco_peregrinus 1.9424002 1.9447254 1.9458317 1.9458317 1.8755516 1.8604606 1.8685941 1.8685941 1.8757922 1.2420123 1.2420123 1.2454623 1.2455750 1.2454623 1.2369389 1.2454623 1.2369389 1.2369389 1.2369389 1.2420123 1.2455750 1.2369389 1.2454623 1.2454623 1.2369389 1.2466674 1.2420123 1.2455750 1.2369389 1.2369389 1.2466674 1.2466674 0.0000010 0.0023416 0.0023416 0.0023416 0.0071574 0.0068295 0.0000000 0.0028828 0.0028828 0.0028828 
XM_037393515.1_Falco_rusticolus 1.9613114 1.9635794 1.9647055 1.9647055 1.8859751 1.8740286 1.8821761 1.8821761 1.8893798 1.2427875 1.2427875 1.2462716 1.2463538 1.2462716 1.2377070 1.2462716 1.2377070 1.2377070 1.2377070 1.2427875 1.2463538 1.2377070 1.2462716 1.2462716 1.2377070 1.2474489 1.2427875 1.2463538 1.2377070 1.2377070 1.2474489 1.2474489 0.0023416 0.0000010 0.0000010 0.0000010 0.0071782 0.0078440 0.0028828 0.0000000 0.0000010 0.0000010 
XM_027812582.2_Falco_cherrug    1.9613114 1.9635794 1.9647055 1.9647055 1.8806138 1.8654964 1.8736317 1.8736317 1.8808289 1.2427875 1.2427875 1.2462716 1.2463538 1.2462716 1.2377070 1.2462716 1.2377070 1.2377070 1.2377070 1.2427875 1.2463538 1.2377070 1.2462716 1.2462716 1.2377070 1.2474489 1.2427875 1.2463538 1.2377070 1.2377070 1.2474489 1.2474489 0.0023416 0.0000010 0.0000010 0.0000010 0.0071782 0.0078440 0.0028828 0.0000010 0.0000000 0.0000010 
XM_056346956.1_Falco_biarmicus  1.9613114 1.9635794 1.9647055 1.9647055 1.8806138 1.8654964 1.8736317 1.8736317 1.8808289 1.2427875 1.2427875 1.2462716 1.2463538 1.2462716 1.2377070 1.2462716 1.2377070 1.2377070 1.2377070 1.2427875 1.2463538 1.2377070 1.2462716 1.2462716 1.2377070 1.2474489 1.2427875 1.2463538 1.2377070 1.2377070 1.2474489 1.2474489 0.0023416 0.0000010 0.0000010 0.0000010 0.0071782 0.0078440 0.0028828 0.0000010 0.0000010 0.0000000 
