21
XM_049809004.1_Astur_gentilis           0.0000000 0.0474004 0.0491425 0.0490503 1.5869658 1.5546944 1.4613343 1.3221698 1.4108539 1.3872285 1.3257059 1.8721534 1.7911399 1.8142528 1.1444540 1.8456962 2.0285083 2.0285083 2.0285083 2.0285083 1.8456962 
XM_069782415.1_Haliaeetus_albicilla     0.0474004 0.0000000 0.0403260 0.0397198 1.6484706 1.6146623 1.5069940 1.3939903 1.4693575 1.4446169 1.3880993 1.8424224 1.8259508 1.8496345 1.1721274 1.8609283 2.0085450 2.0085450 2.0085450 2.0085450 1.8609283 
XM_030018943.2_Aquila_chrysaeto         0.0491425 0.0403260 0.0000000 0.0335237 1.6608321 1.6470038 1.4824847 1.3752984 1.4657619 1.4233563 1.3934266 1.8642192 1.9039801 1.9289058 1.1270885 1.9089576 2.0195071 2.0195071 2.0195071 2.0195071 1.9089576 
XM_052793088.1_Harpia_harpyja           0.0490503 0.0397198 0.0335237 0.0000000 1.6086239 1.5953242 1.4633817 1.3336034 1.4023204 1.3788180 1.3478274 1.7881286 1.7885895 1.8116731 1.0910111 1.8583736 2.0300677 2.0300677 2.0300677 2.0300677 1.8583736 
XM_050909024.1_Gymnogyps_californianus  1.5869658 1.6484706 1.6608321 1.6086239 0.0000000 0.0181864 0.0676995 0.0663751 0.0658093 0.0694638 0.0733055 0.4322091 0.4980167 0.4977037 0.1231595 0.4755819 0.4755819 0.4755819 0.4755819 0.4755819 0.4755819 
XM_050909023.1_Gymnogyps_californianus  1.5546944 1.6146623 1.6470038 1.5953242 0.0181864 0.0000000 0.0513840 0.0523407 0.0496037 0.0530741 0.0566907 0.3844548 0.4523170 0.4518070 0.0974968 0.4309170 0.4309170 0.4309170 0.4309170 0.4309170 0.4309170 
XM_069791123.1_Haliaeetus_albicilla     1.4613343 1.5069940 1.4824847 1.4633817 0.0676995 0.0513840 0.0000000 0.0016507 0.0138787 0.0153130 0.0206501 0.2884271 0.3310993 0.3358750 0.0666839 0.2871716 0.2871716 0.2871716 0.2871716 0.2871716 0.2871716 
XM_010573696.1_Haliaeetus_leucocephalus 1.3221698 1.3939903 1.3752984 1.3336034 0.0663751 0.0523407 0.0016507 0.0000000 0.0116490 0.0150573 0.0185388 0.2578864 0.3203067 0.3292744 0.0635142 0.3087794 0.3087794 0.3087794 0.3087794 0.3087794 0.3087794 
XM_052803123.1_Harpia_harpyja           1.4108539 1.4693575 1.4657619 1.4023204 0.0658093 0.0496037 0.0138787 0.0116490 0.0000000 0.0110899 0.0176170 0.2884271 0.3339297 0.3198706 0.0664600 0.3186875 0.3186875 0.3186875 0.3186875 0.3186875 0.3186875 
XM_030027451.1_Aquila_chrysaeto         1.3872285 1.4446169 1.4233563 1.3788180 0.0694638 0.0530741 0.0153130 0.0150573 0.0110899 0.0000000 0.0191134 0.2709096 0.3143870 0.3339949 0.0726458 0.3196070 0.3196070 0.3196070 0.3196070 0.3196070 0.3196070 
XM_049803917.1_Astur_gentilis           1.3257059 1.3880993 1.3934266 1.3478274 0.0733055 0.0566907 0.0206501 0.0185388 0.0176170 0.0191134 0.0000000 0.3081348 0.3496622 0.3529128 0.0694218 0.3294826 0.3294826 0.3294826 0.3294826 0.3294826 0.3294826 
XM_041126600.1_Aquila_chrysaeto         1.8721534 1.8424224 1.8642192 1.7881286 0.4322091 0.3844548 0.2884271 0.2578864 0.2884271 0.2709096 0.3081348 0.0000000 0.1782250 0.1966240 0.0298619 0.1947364 0.1947364 0.1947364 0.1947364 0.1947364 0.1947364 
XM_030027452.1_Aquila_chrysaeto         1.7911399 1.8259508 1.9039801 1.7885895 0.4980167 0.4523170 0.3310993 0.3203067 0.3339297 0.3143870 0.3496622 0.1782250 0.0000000 0.0196910 0.0126020 0.0266894 0.0266894 0.0266894 0.0266894 0.0266894 0.0266894 
XM_052803124.1_Harpia_harpyja           1.8142528 1.8496345 1.9289058 1.8116731 0.4977037 0.4518070 0.3358750 0.3292744 0.3198706 0.3339949 0.3529128 0.1966240 0.0196910 0.0000000 0.0075008 0.0252810 0.0252810 0.0252810 0.0252810 0.0252810 0.0252810 
XM_010573697.1_Haliaeetus_leucocephalus 1.1444540 1.1721274 1.1270885 1.0910111 0.1231595 0.0974968 0.0666839 0.0635142 0.0664600 0.0726458 0.0694218 0.0298619 0.0126020 0.0075008 0.0000000 0.0024949 0.0024949 0.0024949 0.0024949 0.0024949 0.0024949 
XM_069791121.1_Haliaeetus_albicilla     1.8456962 1.8609283 1.9089576 1.8583736 0.4755819 0.4309170 0.2871716 0.3087794 0.3186875 0.3196070 0.3294826 0.1947364 0.0266894 0.0252810 0.0024949 0.0000000 0.0000010 0.0000010 0.0000010 0.0000010 0.0000010 
XR_011326060.1_Haliaeetus_albicilla     2.0285083 2.0085450 2.0195071 2.0300677 0.4755819 0.4309170 0.2871716 0.3087794 0.3186875 0.3196070 0.3294826 0.1947364 0.0266894 0.0252810 0.0024949 0.0000010 0.0000000 0.0000010 0.0000010 0.0000010 0.0000010 
XM_069791119.1_Haliaeetus_albicilla     2.0285083 2.0085450 2.0195071 2.0300677 0.4755819 0.4309170 0.2871716 0.3087794 0.3186875 0.3196070 0.3294826 0.1947364 0.0266894 0.0252810 0.0024949 0.0000010 0.0000010 0.0000000 0.0000010 0.0000010 0.0000010 
XR_011326061.1_Haliaeetus_albicilla     2.0285083 2.0085450 2.0195071 2.0300677 0.4755819 0.4309170 0.2871716 0.3087794 0.3186875 0.3196070 0.3294826 0.1947364 0.0266894 0.0252810 0.0024949 0.0000010 0.0000010 0.0000010 0.0000000 0.0000010 0.0000010 
XR_011326062.1_Haliaeetus_albicilla     2.0285083 2.0085450 2.0195071 2.0300677 0.4755819 0.4309170 0.2871716 0.3087794 0.3186875 0.3196070 0.3294826 0.1947364 0.0266894 0.0252810 0.0024949 0.0000010 0.0000010 0.0000010 0.0000010 0.0000000 0.0000010 
XM_069791122.1_Haliaeetus_albicilla     1.8456962 1.8609283 1.9089576 1.8583736 0.4755819 0.4309170 0.2871716 0.3087794 0.3186875 0.3196070 0.3294826 0.1947364 0.0266894 0.0252810 0.0024949 0.0000010 0.0000010 0.0000010 0.0000010 0.0000010 0.0000000 
