52
XM_050894336.1_Gymnogyps_californianus  0.0000000 0.0783248 0.0289253 0.0691364 0.0671664 0.0302158 0.0649113 0.0303202 0.0302847 0.0275856 0.0247222 0.0291601 0.0248706 0.0258458 0.0325773 0.0337433 1.1594570 1.0256915 1.0268201 1.0128542 1.0489782 1.1030891 1.1016436 1.3773170 1.0010297 1.3421090 1.3476560 1.2820868 0.9803186 1.1020458 1.0998614 1.1223553 1.1383390 1.1351806 1.0231470 1.0453942 1.1069316 1.1029143 1.1043819 1.2900925 1.7007815 1.3997955 1.6483570 1.6943606 1.6943606 1.3990791 1.9021925 1.9021925 1.9021925 1.3692294 1.3950578 1.6968500 
XM_049818962.1_Astur_gentilis           0.0783248 0.0000000 0.0739392 0.1178701 0.1267772 0.0244762 0.1243738 0.0771806 0.0766130 0.0620780 0.0274655 0.0823840 0.0649845 0.0829683 0.0442301 0.0304098 1.1690811 1.0376339 1.0391485 1.0169785 1.0817981 1.2001958 1.1937212 1.4218601 0.9952382 1.4296274 1.4368236 1.2720905 0.9726987 1.2153509 1.2079665 1.1360069 1.1427898 1.1366074 1.0348454 1.0612774 1.2016510 1.1933609 1.1961830 1.3284924 1.7223944 1.3605169 1.5978758 1.6396135 1.6396135 1.3606867 1.8716571 1.8716571 1.8716571 1.3708828 1.3629916 1.6437524 
XM_049818961.1_Astur_gentilis           0.0289253 0.0739392 0.0000000 0.0859874 0.0941351 0.0075148 0.0917950 0.0123941 0.0118742 0.0113783 0.0135159 0.0146182 0.0140449 0.0145996 0.0421750 0.0262734 1.1690811 1.0376339 1.0391485 1.0069354 1.0494758 1.0827687 1.0814952 1.3886760 0.9952382 1.2949192 1.2997045 1.2720905 0.9726987 1.0420991 1.0359910 1.1075550 1.1259410 1.1226828 1.0348454 1.0612774 1.0851668 1.0823668 1.0835642 1.3861374 1.6907855 1.3705302 1.6180828 1.6696412 1.6696412 1.3842340 1.9005815 1.9005815 1.9005815 1.3846664 1.3729614 1.6657764 
XM_049818960.1_Astur_gentilis           0.0691364 0.1178701 0.0859874 0.0000000 0.0148713 0.0086600 0.0134691 0.0665466 0.0659156 0.0679539 0.0324602 0.1012771 0.0737783 0.0973475 0.0503272 0.0321218 1.1690811 1.0376339 1.0391485 1.0157098 1.1002334 1.3746623 1.3694547 1.4722213 0.9952382 1.6239035 1.6337399 1.2720905 0.9726987 1.4796756 1.4651354 1.1872349 1.1630216 1.1568522 1.0348454 1.0612774 1.3913811 1.3751762 1.3803123 1.6593949 2.1502301 1.8773466 1.9956568 2.0211380 2.0211380 1.8557318 2.2652208 2.2652208 2.2652208 1.9971183 1.8461947 2.0230565 
XM_069805806.1_Haliaeetus_albicilla     0.0671664 0.1267772 0.0941351 0.0148713 0.0000000 0.0026621 0.0013526 0.0578275 0.0572231 0.0604218 0.0344866 0.1003883 0.0742521 0.0959037 0.0498512 0.0312084 1.1554958 1.0348404 1.0362249 1.0055363 1.0969340 1.3215949 1.3171324 1.4738111 0.9900964 1.5726576 1.5816107 1.2792513 0.9715236 1.4126182 1.3994227 1.1512756 1.1531165 1.1470762 1.0321477 1.0534670 1.3318101 1.3157659 1.3200296 1.6042671 2.0714250 1.7845935 1.8944922 1.9275166 1.9275166 1.7631413 2.1890797 2.1890797 2.1890797 1.8852319 1.7569797 1.9119579 
XM_010566678.1_Haliaeetus_leucocephalus 0.0302158 0.0244762 0.0075148 0.0086600 0.0026621 0.0000000 0.0005313 0.0021471 0.0016073 0.0017035 0.0154770 0.0183408 0.0137736 0.0154612 0.0143807 0.0155417 1.1554958 1.0338901 1.0352382 1.0017327 1.0431437 1.0901330 1.0887932 1.3266949 0.9900964 1.3353033 1.3410865 1.2794646 0.9701895 1.0580257 1.0566424 1.0984652 1.1264255 1.1254106 1.0312163 1.0534670 1.0961234 1.0900917 1.0914550 1.1769715 1.6191942 1.3152495 1.5583747 1.6091719 1.6091719 1.3020221 1.8840034 1.8840034 1.8840034 1.2896976 1.3027051 1.6075976 
XM_009925070.2_Haliaeetus_albicilla     0.0649113 0.1243738 0.0917950 0.0134691 0.0013526 0.0005313 0.0000000 0.0557024 0.0551029 0.0581764 0.0321515 0.0980383 0.0719254 0.0935687 0.0475027 0.0312164 1.1566757 1.0348404 1.0362249 1.0089856 1.0969340 1.3218063 1.3173364 1.4800476 0.9913790 1.5732154 1.5821891 1.2806909 0.9715236 1.4130914 1.3998648 1.1471292 1.1531165 1.1470762 1.0321477 1.0543231 1.3320384 1.3159676 1.3202386 1.6078979 2.0623706 1.7739181 1.8858840 1.9187239 1.9187239 1.7525069 2.1785259 2.1785259 2.1785259 1.8707274 1.7464234 1.9032886 
XM_069805805.1_Haliaeetus_albicilla     0.0303202 0.0771806 0.0123941 0.0665466 0.0578275 0.0021471 0.0557024 0.0000000 0.0004779 0.0005024 0.0172644 0.0232046 0.0176306 0.0205759 0.0347584 0.0265460 1.1566757 1.0348404 1.0362249 0.9989229 1.0500973 1.0893199 1.0880899 1.4003359 0.9913790 1.3106599 1.3155472 1.2806909 0.9715236 1.0604430 1.0541948 1.1219943 1.1389044 1.1357683 1.0321477 1.0543231 1.0925687 1.0871492 1.0883692 1.3036046 1.6647352 1.3901579 1.5953409 1.6499848 1.6499848 1.3879897 1.8979199 1.8979199 1.8979199 1.3975036 1.3811598 1.6482779 
XM_069805807.1_Haliaeetus_albicilla     0.0302847 0.0766130 0.0118742 0.0659156 0.0572231 0.0016073 0.0551029 0.0004779 0.0000000 0.0000010 0.0172644 0.0232046 0.0176306 0.0200557 0.0347584 0.0265460 1.1566757 1.0348404 1.0362249 1.0030437 1.0500973 1.0904875 1.0892433 1.3972072 0.9913790 1.3144222 1.3193677 1.2806909 0.9715236 1.0622647 1.0559910 1.1255226 1.1389044 1.1357683 1.0321477 1.0543231 1.0960193 1.0904456 1.0917099 1.3086731 1.6635366 1.3891767 1.5942637 1.6488038 1.6488038 1.3869993 1.8962155 1.8962155 1.8962155 1.3961728 1.3801893 1.6471024 
XM_069805808.1_Haliaeetus_albicilla     0.0275856 0.0620780 0.0113783 0.0679539 0.0604218 0.0017035 0.0581764 0.0005024 0.0000010 0.0000000 0.0145447 0.0181251 0.0166449 0.0175568 0.0330966 0.0254498 1.1566757 1.0348404 1.0362249 1.0030437 1.0449149 1.0608183 1.0599387 1.3842447 0.9913790 1.2839097 1.2885454 1.2806909 0.9715236 1.0148875 1.0092697 1.1003443 1.1176529 1.1144502 1.0321477 1.0543231 1.0610389 1.0569078 1.0577466 1.2834932 1.6364209 1.3281056 1.5644431 1.6245635 1.6245635 1.3387913 1.8774191 1.8774191 1.8774191 1.3264263 1.3274912 1.6191985 
XM_041128775.1_Aquila_chrysaeto         0.0247222 0.0274655 0.0135159 0.0324602 0.0344866 0.0154770 0.0321515 0.0172644 0.0172644 0.0145447 0.0000000 0.0005490 0.0005505 0.0071800 0.0147602 0.0159014 1.1562024 1.0217047 1.0226785 0.9856797 1.0258579 1.0428370 1.0421790 1.3029029 0.9730460 1.2555958 1.2599210 1.2437388 0.9535645 0.9921254 0.9922265 1.0872519 1.1114320 1.1104071 1.0192457 1.0368948 1.0398409 1.0365731 1.0371502 1.1851181 1.6065882 1.2751522 1.5492534 1.6048104 1.6048104 1.2759831 1.8464535 1.8464535 1.8464535 1.2411372 1.2721928 1.5949735 
XM_030037637.2_Aquila_chrysaeto         0.0291601 0.0823840 0.0146182 0.1012771 0.1003883 0.0183408 0.0980383 0.0232046 0.0232046 0.0181251 0.0005490 0.0000000 0.0000010 0.0074096 0.0353602 0.0202341 1.1562024 1.0217047 1.0226785 0.9856797 1.0338817 1.0662459 1.0651963 1.3592045 0.9730460 1.2789880 1.2834582 1.2437388 0.9535645 1.0314083 1.0255066 1.0941922 1.1112498 1.1080687 1.0192457 1.0368948 1.0714701 1.0668972 1.0678660 1.3312410 1.6935270 1.3723737 1.6129686 1.6655472 1.6655472 1.3861804 1.8961237 1.8961237 1.8961237 1.3938311 1.3840847 1.6600886 
XM_030037638.2_Aquila_chrysaeto         0.0248706 0.0649845 0.0140449 0.0737783 0.0742521 0.0137736 0.0719254 0.0176306 0.0176306 0.0166449 0.0005505 0.0000010 0.0000000 0.0071623 0.0240750 0.0202341 1.1562024 1.0217047 1.0226785 0.9856797 1.0324763 1.0542990 1.0535065 1.3437014 0.9730460 1.2600498 1.2642708 1.2437388 0.9535645 1.0126274 1.0122904 1.0880918 1.1081468 1.1049464 1.0192457 1.0368948 1.0518093 1.0480997 1.0488171 1.2792192 1.6347649 1.3315425 1.5815485 1.6347281 1.6347281 1.3379666 1.8677312 1.8677312 1.8677312 1.3295499 1.3359612 1.6292882 
XM_052809647.1_Harpia_harpyja           0.0258458 0.0829683 0.0145996 0.0973475 0.0959037 0.0154612 0.0935687 0.0205759 0.0200557 0.0175568 0.0071800 0.0074096 0.0071623 0.0000000 0.0285733 0.0134188 1.1468234 1.0185480 1.0194041 0.9842103 1.0255501 1.0608593 1.0598790 1.3730198 0.9728552 1.2831516 1.2877035 1.2546329 0.9495728 1.0237104 1.0179800 1.0901464 1.1130335 1.1098401 1.0161473 1.0364169 1.0658972 1.0615882 1.0624821 1.3357052 1.6793767 1.3771927 1.6000086 1.6521790 1.6521790 1.3911679 1.8920041 1.8920041 1.8920041 1.3880618 1.3797526 1.6467978 
XM_052809646.1_Harpia_harpyja           0.0325773 0.0442301 0.0421750 0.0503272 0.0498512 0.0143807 0.0475027 0.0347584 0.0347584 0.0330966 0.0147602 0.0353602 0.0240750 0.0285733 0.0000000 0.0016655 1.1468234 1.0185480 1.0194041 0.9826571 1.0259173 1.0820541 1.0804438 1.3444377 0.9728552 1.3209441 1.3265013 1.2546329 0.9495728 1.0531281 1.0501701 1.0603009 1.1029893 1.0997773 1.0161473 1.0364169 1.0850790 1.0795523 1.0807689 1.1378028 1.6518041 1.3299240 1.5720283 1.6315570 1.6315570 1.3343965 1.8932743 1.8932743 1.8932743 1.3144714 1.3255685 1.6260165 
XM_052809648.1_Harpia_harpyja           0.0337433 0.0304098 0.0262734 0.0321218 0.0312084 0.0155417 0.0312164 0.0265460 0.0265460 0.0254498 0.0159014 0.0202341 0.0202341 0.0134188 0.0016655 0.0000000 1.1456597 1.0185480 1.0194041 0.9829365 1.0224139 1.0637046 1.0627291 1.3175865 0.9716121 1.2963723 1.3015418 1.2522631 0.9495728 1.0242829 1.0236458 1.0709096 1.1029893 1.0997773 1.0161473 1.0355816 1.0614079 1.0570106 1.0579020 1.1082517 1.5917485 1.2548412 1.5185104 1.5772691 1.5772691 1.2596823 1.8345081 1.8345081 1.8345081 1.2118360 1.2513521 1.5719420 
XM_052782656.1_Harpia_harpyja           1.1594570 1.1690811 1.1690811 1.1690811 1.1554958 1.1554958 1.1566757 1.1566757 1.1566757 1.1566757 1.1562024 1.1562024 1.1562024 1.1468234 1.1468234 1.1456597 0.0000000 0.2145879 0.2249554 0.0706413 0.2039688 0.1870975 0.1808187 0.4068604 0.0509624 0.3188853 0.3315816 0.3232491 0.0668060 0.0633989 0.0603606 0.2763118 0.3182102 0.3182102 0.2028693 0.1733631 0.1916813 0.1847520 0.1911827 0.2856923 1.0919766 0.8455362 1.0879894 1.0985676 1.0985676 0.8015149 1.3362684 1.3362684 1.3362684 0.8670631 0.8028373 1.1120436 
XM_069783952.1_Haliaeetus_albicilla     1.0256915 1.0376339 1.0376339 1.0376339 1.0348404 1.0338901 1.0348404 1.0348404 1.0348404 1.0348404 1.0217047 1.0217047 1.0217047 1.0185480 1.0185480 1.0185480 0.2145879 0.0000000 0.0000010 0.0912115 0.0000010 0.0000010 0.0000010 0.4697124 0.0774395 0.4740812 0.4921452 0.4697124 0.0732334 0.0780998 0.0732334 0.0216623 0.0360560 0.0360560 0.0188036 0.0195249 0.0203501 0.0216623 0.0222080 0.2506471 1.1922567 0.8041547 1.2081546 1.2380744 1.2380744 0.7450926 1.5559597 1.5584189 1.5559597 0.8868410 0.7524867 1.2485983 
XM_069783953.1_Haliaeetus_albicilla     1.0268201 1.0391485 1.0391485 1.0391485 1.0362249 1.0352382 1.0362249 1.0362249 1.0362249 1.0362249 1.0226785 1.0226785 1.0226785 1.0194041 1.0194041 1.0194041 0.2249554 0.0000010 0.0000000 0.0976944 0.0000010 0.0000010 0.0000010 0.4926603 0.0825215 0.4972387 0.5171765 0.4926603 0.0795003 0.0852683 0.0795003 0.0223571 0.0245457 0.0245457 0.0188750 0.0196056 0.0210286 0.0223571 0.0229388 0.2805999 1.2462501 0.8504943 1.2598619 1.2916728 1.2916728 0.7851374 1.6403368 1.6435665 1.6403368 0.9881266 0.7935187 1.3031911 
XM_050897609.1_Gymnogyps_californianus  1.0128542 1.0169785 1.0069354 1.0157098 1.0055363 1.0017327 1.0089856 0.9989229 1.0030437 1.0030437 0.9856797 0.9856797 0.9856797 0.9842103 0.9826571 0.9829365 0.0706413 0.0912115 0.0976944 0.0000000 0.0897884 0.0840418 0.0799884 0.1170530 0.0201626 0.0217746 0.0228030 0.0318500 0.0232780 0.0288506 0.0275452 0.1942928 0.2361113 0.2361113 0.0812427 0.0706413 0.0526056 0.0726871 0.0763590 0.3020810 0.8432909 0.8563771 0.8372225 0.8442145 0.8442145 0.8329722 1.0096374 1.0096374 1.0096374 0.8668506 0.8338236 0.8432909 
XM_069783949.1_Haliaeetus_albicilla     1.0489782 1.0817981 1.0494758 1.1002334 1.0969340 1.0431437 1.0969340 1.0500973 1.0500973 1.0449149 1.0258579 1.0338817 1.0324763 1.0255501 1.0259173 1.0224139 0.2039688 0.0000010 0.0000010 0.0897884 0.0000000 0.0129348 0.0126462 0.4767375 0.0776547 0.4403023 0.4551616 0.4415339 0.0691546 0.0948820 0.0899813 0.0500734 0.0596237 0.0596237 0.0192493 0.0224704 0.0315933 0.0324229 0.0331766 0.3065231 1.2210365 0.9024821 1.2292707 1.2644636 1.2644636 0.8605275 1.5564125 1.5586599 1.5564125 1.0243044 0.8653377 1.2712607 
XM_069783947.1_Haliaeetus_albicilla     1.1030891 1.2001958 1.0827687 1.3746623 1.3215949 1.0901330 1.3218063 1.0893199 1.0904875 1.0608183 1.0428370 1.0662459 1.0542990 1.0608593 1.0820541 1.0637046 0.1870975 0.0000010 0.0000010 0.0840418 0.0129348 0.0000000 0.0000010 0.5588275 0.0643856 0.3166621 0.3166621 0.4122246 0.0667596 0.0381373 0.0382172 0.1375083 0.1073315 0.1057295 0.0197254 0.0187748 0.0207190 0.0216764 0.0216764 0.5741361 1.3150849 1.1019572 1.2989790 1.3362149 1.3362149 1.0822213 1.5555664 1.5573688 1.5555664 1.2172070 1.0723688 1.3290859 
XM_069783946.1_Haliaeetus_albicilla     1.1016436 1.1937212 1.0814952 1.3694547 1.3171324 1.0887932 1.3173364 1.0880899 1.0892433 1.0599387 1.0421790 1.0651963 1.0535065 1.0598790 1.0804438 1.0627291 0.1808187 0.0000010 0.0000010 0.0799884 0.0126462 0.0000010 0.0000000 0.5417106 0.0613033 0.3096319 0.3169826 0.3994715 0.0632314 0.0381373 0.0370140 0.1344371 0.1047182 0.1031560 0.0192493 0.0183641 0.0203560 0.0213068 0.0216931 0.5695884 1.3043957 1.0974011 1.2904300 1.3270528 1.3270528 1.0742183 1.5522501 1.5540067 1.5522501 1.2200114 1.0646341 1.3200683 
XM_049825957.1_Astur_gentilis           1.3773170 1.4218601 1.3886760 1.4722213 1.4738111 1.3266949 1.4800476 1.4003359 1.3972072 1.3842447 1.3029029 1.3592045 1.3437014 1.3730198 1.3444377 1.3175865 0.4068604 0.4697124 0.4926603 0.1170530 0.4767375 0.5588275 0.5417106 0.0000000 0.0887057 0.1192301 0.1214721 0.0279551 0.0342353 0.2354154 0.2233060 0.4971819 0.5700722 0.5683084 0.4569771 0.4686335 0.5351416 0.5418971 0.5590880 0.4319573 1.5595843 1.0614804 1.7507795 1.7107272 1.7107272 1.0452713 1.9098896 1.9006116 1.9098896 1.4893379 1.0348099 1.7104166 
XM_052782657.1_Harpia_harpyja           1.0010297 0.9952382 0.9952382 0.9952382 0.9900964 0.9900964 0.9913790 0.9913790 0.9913790 0.9913790 0.9730460 0.9730460 0.9730460 0.9728552 0.9728552 0.9716121 0.0509624 0.0774395 0.0825215 0.0201626 0.0776547 0.0643856 0.0613033 0.0887057 0.0000000 0.0084843 0.0088836 0.0141972 0.0093253 0.0088724 0.0084741 0.1790042 0.2253767 0.2253767 0.0641831 0.0509624 0.0384217 0.0594204 0.0624147 0.2532646 0.8343183 0.8438697 0.8281592 0.8342813 0.8342813 0.8150039 1.0114181 1.0114181 1.0114181 0.8503370 0.8113606 0.8343183 
XM_030033266.2_Aquila_chrysaeto         1.3421090 1.4296274 1.2949192 1.6239035 1.5726576 1.3353033 1.5732154 1.3106599 1.3144222 1.2839097 1.2555958 1.2789880 1.2600498 1.2831516 1.3209441 1.2963723 0.3188853 0.4740812 0.4972387 0.0217746 0.4403023 0.3166621 0.3096319 0.1192301 0.0084843 0.0000000 0.0000010 0.0282887 0.0135056 0.0171486 0.0166588 0.5710958 0.5791634 0.5765710 0.4576671 0.3969279 0.2787754 0.2886164 0.2953320 0.6286197 1.5553623 1.1264470 1.6352833 1.6393598 1.6393598 1.1164611 1.8253690 1.8168015 1.8253690 1.3617812 1.1029091 1.6265817 
XM_030033275.2_Aquila_chrysaeto         1.3476560 1.4368236 1.2997045 1.6337399 1.5816107 1.3410865 1.5821891 1.3155472 1.3193677 1.2885454 1.2599210 1.2834582 1.2642708 1.2877035 1.3265013 1.3015418 0.3315816 0.4921452 0.5171765 0.0228030 0.4551616 0.3166621 0.3169826 0.1214721 0.0088836 0.0000010 0.0000000 0.0288284 0.0142089 0.0171486 0.0171833 0.5900733 0.6011073 0.5983996 0.4746916 0.4095991 0.2853901 0.2953320 0.2953320 0.6337631 1.5718535 1.1336822 1.6524766 1.6565030 1.6565030 1.1276245 1.8359815 1.8272428 1.8359815 1.3617812 1.1136232 1.6433836 
XM_049825958.1_Astur_gentilis           1.2820868 1.2720905 1.2720905 1.2720905 1.2792513 1.2794646 1.2806909 1.2806909 1.2806909 1.2806909 1.2437388 1.2437388 1.2437388 1.2546329 1.2546329 1.2522631 0.3232491 0.4697124 0.4926603 0.0318500 0.4415339 0.4122246 0.3994715 0.0279551 0.0141972 0.0282887 0.0288284 0.0000000 0.0103720 0.0118265 0.0112969 0.4972842 0.5567856 0.5567856 0.4569771 0.3979158 0.3882896 0.3988744 0.4116517 0.3313878 1.4043525 0.8434130 1.6598338 1.6114608 1.6114608 0.8131319 1.8283727 1.8185762 1.8283727 1.2642821 0.8110029 1.6186218 
XM_010583667.1_Haliaeetus_leucocephalus 0.9803186 0.9726987 0.9726987 0.9726987 0.9715236 0.9701895 0.9715236 0.9715236 0.9715236 0.9715236 0.9535645 0.9535645 0.9535645 0.9495728 0.9495728 0.9495728 0.0668060 0.0732334 0.0795003 0.0232780 0.0691546 0.0667596 0.0632314 0.0342353 0.0093253 0.0135056 0.0142089 0.0103720 0.0000000 0.0010824 0.0010293 0.1257514 0.1882836 0.1882836 0.0734377 0.0668060 0.0485916 0.0727058 0.0767985 0.2057023 0.7926641 0.7943788 0.7822160 0.7856571 0.7856571 0.7618480 0.9864786 0.9864786 0.9864786 0.7934423 0.7700929 0.7926641 
XM_069783951.1_Haliaeetus_albicilla     1.1020458 1.2153509 1.0420991 1.4796756 1.4126182 1.0580257 1.4130914 1.0604430 1.0622647 1.0148875 0.9921254 1.0314083 1.0126274 1.0237104 1.0531281 1.0242829 0.0633989 0.0780998 0.0852683 0.0288506 0.0948820 0.0381373 0.0381373 0.2354154 0.0088724 0.0171486 0.0171486 0.0118265 0.0010824 0.0000000 0.0000010 0.3413953 0.3113074 0.3068968 0.0781528 0.0633989 0.0388115 0.0539059 0.0539059 0.5467510 1.1172682 1.0958298 1.0818269 1.1026322 1.1026322 1.0917992 1.2330291 1.2330291 1.2330291 1.1856323 1.0781963 1.0853913 
XM_069783948.1_Haliaeetus_albicilla     1.0998614 1.2079665 1.0359910 1.4651354 1.3994227 1.0566424 1.3998648 1.0541948 1.0559910 1.0092697 0.9922265 1.0255066 1.0122904 1.0179800 1.0501701 1.0236458 0.0603606 0.0732334 0.0795003 0.0275452 0.0899813 0.0382172 0.0370140 0.2233060 0.0084741 0.0166588 0.0171833 0.0112969 0.0010293 0.0000010 0.0000000 0.3241822 0.2920520 0.2879331 0.0734377 0.0603606 0.0376283 0.0522956 0.0540205 0.5421950 1.1094811 1.0894652 1.0721059 1.0923651 1.0923651 1.0816010 1.2339196 1.2339196 1.2339196 1.1856323 1.0684255 1.0756297 
XM_041127329.1_Aquila_chrysaeto         1.1223553 1.1360069 1.1075550 1.1872349 1.1512756 1.0984652 1.1471292 1.1219943 1.1255226 1.1003443 1.0872519 1.0941922 1.0880918 1.0901464 1.0603009 1.0709096 0.2763118 0.0216623 0.0223571 0.1942928 0.0500734 0.1375083 0.1344371 0.4971819 0.1790042 0.5710958 0.5900733 0.4972842 0.1257514 0.3413953 0.3241822 0.0000000 0.0536525 0.0522899 0.0166782 0.0644246 0.1214450 0.1172140 0.1198399 0.3572684 1.2720015 1.0142910 1.2873511 1.3052830 1.3052830 0.9731607 1.5488859 1.5468696 1.5488859 1.1297635 0.9804703 1.3191800 
XM_030033285.2_Aquila_chrysaeto         1.1383390 1.1427898 1.1259410 1.1630216 1.1531165 1.1264255 1.1531165 1.1389044 1.1389044 1.1176529 1.1114320 1.1112498 1.1081468 1.1130335 1.1029893 1.1029893 0.3182102 0.0360560 0.0245457 0.2361113 0.0596237 0.1073315 0.1047182 0.5700722 0.2253767 0.5791634 0.6011073 0.5567856 0.1882836 0.3113074 0.2920520 0.0536525 0.0000000 0.0000010 0.0324668 0.0750113 0.0859390 0.0826768 0.0846993 0.4753572 1.3395703 1.0627569 1.3547240 1.3807475 1.3807475 0.9981474 1.6763889 1.6744199 1.6763889 1.2377770 1.0025718 1.3917038 
XM_030033294.2_Aquila_chrysaeto         1.1351806 1.1366074 1.1226828 1.1568522 1.1470762 1.1254106 1.1470762 1.1357683 1.1357683 1.1144502 1.1104071 1.1080687 1.1049464 1.1098401 1.0997773 1.0997773 0.3182102 0.0360560 0.0245457 0.2361113 0.0596237 0.1057295 0.1031560 0.5683084 0.2253767 0.5765710 0.5983996 0.5567856 0.1882836 0.3068968 0.2879331 0.0522899 0.0000010 0.0000000 0.0324668 0.0750113 0.0843520 0.0811511 0.0831357 0.4742903 1.3381826 1.0589517 1.3534546 1.3795533 1.3795533 0.9941362 1.6759408 1.6739645 1.6759408 1.2334527 0.9985823 1.3905336 
XM_052782658.1_Harpia_harpyja           1.0231470 1.0348454 1.0348454 1.0348454 1.0321477 1.0312163 1.0321477 1.0321477 1.0321477 1.0321477 1.0192457 1.0192457 1.0192457 1.0161473 1.0161473 1.0161473 0.2028693 0.0188036 0.0188750 0.0812427 0.0192493 0.0197254 0.0192493 0.4569771 0.0641831 0.4576671 0.4746916 0.4569771 0.0734377 0.0781528 0.0734377 0.0166782 0.0324668 0.0324668 0.0000000 0.0000010 0.0152107 0.0166782 0.0170897 0.2448330 1.1785794 0.7990701 1.2068997 1.2258648 1.2258648 0.7460992 1.5440798 1.5464127 1.5440798 0.8801329 0.7593414 1.2385150 
XM_052782655.1_Harpia_harpyja           1.0453942 1.0612774 1.0612774 1.0612774 1.0534670 1.0534670 1.0543231 1.0543231 1.0543231 1.0543231 1.0368948 1.0368948 1.0368948 1.0364169 1.0364169 1.0355816 0.1733631 0.0195249 0.0196056 0.0706413 0.0224704 0.0187748 0.0183641 0.4686335 0.0509624 0.3969279 0.4095991 0.3979158 0.0668060 0.0633989 0.0603606 0.0644246 0.0750113 0.0750113 0.0000010 0.0000000 0.0142022 0.0155647 0.0159117 0.3075301 1.1582162 0.8455362 1.1867473 1.2061772 1.2061772 0.8015149 1.4756371 1.4773109 1.4756371 0.9089821 0.8028373 1.2124485 
XM_030033249.2_Aquila_chrysaeto         1.1069316 1.2016510 1.0851668 1.3913811 1.3318101 1.0961234 1.3320384 1.0925687 1.0960193 1.0610389 1.0398409 1.0714701 1.0518093 1.0658972 1.0850790 1.0614079 0.1916813 0.0203501 0.0210286 0.0526056 0.0315933 0.0207190 0.0203560 0.5351416 0.0384217 0.2787754 0.2853901 0.3882896 0.0485916 0.0388115 0.0376283 0.1214450 0.0859390 0.0843520 0.0152107 0.0142022 0.0000000 0.0000010 0.0000010 0.5964021 1.3424025 1.1243163 1.3254431 1.3587869 1.3587869 1.1128149 1.5625076 1.5607014 1.5625076 1.2528693 1.0994295 1.3535325 
XM_030033238.2_Aquila_chrysaeto         1.1029143 1.1933609 1.0823668 1.3751762 1.3157659 1.0900917 1.3159676 1.0871492 1.0904456 1.0569078 1.0365731 1.0668972 1.0480997 1.0615882 1.0795523 1.0570106 0.1847520 0.0216623 0.0223571 0.0726871 0.0324229 0.0216764 0.0213068 0.5418971 0.0594204 0.2886164 0.2953320 0.3988744 0.0727058 0.0539059 0.0522956 0.1172140 0.0826768 0.0811511 0.0166782 0.0155647 0.0000010 0.0000000 0.0000010 0.6039579 1.3464493 1.1318793 1.3292520 1.3643071 1.3643071 1.1072411 1.5745172 1.5727724 1.5745172 1.2528693 1.0974467 1.3571041 
XM_030033258.2_Aquila_chrysaeto         1.1043819 1.1961830 1.0835642 1.3803123 1.3200296 1.0914550 1.3202386 1.0883692 1.0917099 1.0577466 1.0371502 1.0678660 1.0488171 1.0624821 1.0807689 1.0579020 0.1911827 0.0222080 0.0229388 0.0763590 0.0331766 0.0216764 0.0216931 0.5590880 0.0624147 0.2953320 0.2953320 0.4116517 0.0767985 0.0539059 0.0540205 0.1198399 0.0846993 0.0831357 0.0170897 0.0159117 0.0000010 0.0000010 0.0000000 0.6088416 1.3582155 1.1392623 1.3401553 1.3758567 1.3758567 1.1181122 1.5803284 1.5785665 1.5803284 1.2528693 1.1080077 1.3684856 
XM_049825959.1_Astur_gentilis           1.2900925 1.3284924 1.3861374 1.6593949 1.6042671 1.1769715 1.6078979 1.3036046 1.3086731 1.2834932 1.1851181 1.3312410 1.2792192 1.3357052 1.1378028 1.1082517 0.2856923 0.2506471 0.2805999 0.3020810 0.3065231 0.5741361 0.5695884 0.4319573 0.2532646 0.6286197 0.6337631 0.3313878 0.2057023 0.5467510 0.5421950 0.3572684 0.4753572 0.4742903 0.2448330 0.3075301 0.5964021 0.6039579 0.6088416 0.0000000 0.6992901 0.7402947 0.6862130 0.6878765 0.6878765 0.7062128 0.8441009 0.8441009 0.8441009 0.7522238 0.7134357 0.6912452 
XM_010569936.1_Haliaeetus_leucocephalus 1.7007815 1.7223944 1.6907855 2.1502301 2.0714250 1.6191942 2.0623706 1.6647352 1.6635366 1.6364209 1.6065882 1.6935270 1.6347649 1.6793767 1.6518041 1.5917485 1.0919766 1.1922567 1.2462501 0.8432909 1.2210365 1.3150849 1.3043957 1.5595843 0.8343183 1.5553623 1.5718535 1.4043525 0.7926641 1.1172682 1.1094811 1.2720015 1.3395703 1.3381826 1.1785794 1.1582162 1.3424025 1.3464493 1.3582155 0.6992901 0.0000000 0.0904459 0.0440447 0.0425648 0.0425648 0.0508302 0.3935434 0.3761216 0.3935434 0.0634368 0.0396444 0.0210372 
XM_050900050.1_Gymnogyps_californianus  1.3997955 1.3605169 1.3705302 1.8773466 1.7845935 1.3152495 1.7739181 1.3901579 1.3891767 1.3281056 1.2751522 1.3723737 1.3315425 1.3771927 1.3299240 1.2548412 0.8455362 0.8041547 0.8504943 0.8563771 0.9024821 1.1019572 1.0974011 1.0614804 0.8438697 1.1264470 1.1336822 0.8434130 0.7943788 1.0958298 1.0894652 1.0142910 1.0627569 1.0589517 0.7990701 0.8455362 1.1243163 1.1318793 1.1392623 0.7402947 0.0904459 0.0000000 0.0550790 0.0604535 0.0604535 0.0609041 0.1584516 0.1584516 0.1584516 0.0667916 0.0649118 0.0638194 
XM_052792042.1_Harpia_harpyja           1.6483570 1.5978758 1.6180828 1.9956568 1.8944922 1.5583747 1.8858840 1.5953409 1.5942637 1.5644431 1.5492534 1.6129686 1.5815485 1.6000086 1.5720283 1.5185104 1.0879894 1.2081546 1.2598619 0.8372225 1.2292707 1.2989790 1.2904300 1.7507795 0.8281592 1.6352833 1.6524766 1.6598338 0.7822160 1.0818269 1.0721059 1.2873511 1.3547240 1.3534546 1.2068997 1.1867473 1.3254431 1.3292520 1.3401553 0.6862130 0.0440447 0.0550790 0.0000000 0.0387579 0.0387579 0.0165734 0.5217692 0.5129691 0.5217692 0.0609298 0.0219079 0.0428621 
XR_005932661.1_Aquila_chrysaeto         1.6943606 1.6396135 1.6696412 2.0211380 1.9275166 1.6091719 1.9187239 1.6499848 1.6488038 1.6245635 1.6048104 1.6655472 1.6347281 1.6521790 1.6315570 1.5772691 1.0985676 1.2380744 1.2916728 0.8442145 1.2644636 1.3362149 1.3270528 1.7107272 0.8342813 1.6393598 1.6565030 1.6114608 0.7856571 1.1026322 1.0923651 1.3052830 1.3807475 1.3795533 1.2258648 1.2061772 1.3587869 1.3643071 1.3758567 0.6878765 0.0425648 0.0604535 0.0387579 0.0000000 0.0000010 0.0000010 0.3789453 0.3734219 0.3789453 0.0385274 0.0202397 0.0354865 
XR_005932660.1_Aquila_chrysaeto         1.6943606 1.6396135 1.6696412 2.0211380 1.9275166 1.6091719 1.9187239 1.6499848 1.6488038 1.6245635 1.6048104 1.6655472 1.6347281 1.6521790 1.6315570 1.5772691 1.0985676 1.2380744 1.2916728 0.8442145 1.2644636 1.3362149 1.3270528 1.7107272 0.8342813 1.6393598 1.6565030 1.6114608 0.7856571 1.1026322 1.0923651 1.3052830 1.3807475 1.3795533 1.2258648 1.2061772 1.3587869 1.3643071 1.3758567 0.6878765 0.0425648 0.0604535 0.0387579 0.0000010 0.0000000 0.0000010 0.3784721 0.3729453 0.3784721 0.0385274 0.0202397 0.0354865 
XM_041124238.1_Aquila_chrysaeto         1.3990791 1.3606867 1.3842340 1.8557318 1.7631413 1.3020221 1.7525069 1.3879897 1.3869993 1.3387913 1.2759831 1.3861804 1.3379666 1.3911679 1.3343965 1.2596823 0.8015149 0.7450926 0.7851374 0.8329722 0.8605275 1.0822213 1.0742183 1.0452713 0.8150039 1.1164611 1.1276245 0.8131319 0.7618480 1.0917992 1.0816010 0.9731607 0.9981474 0.9941362 0.7460992 0.8015149 1.1128149 1.1072411 1.1181122 0.7062128 0.0508302 0.0609041 0.0165734 0.0000010 0.0000010 0.0000000 0.1138177 0.1138177 0.1138177 0.0324874 0.0202819 0.0190207 
XR_007507261.1_Astur_gentilis           1.9021925 1.8716571 1.9005815 2.2652208 2.1890797 1.8840034 2.1785259 1.8979199 1.8962155 1.8774191 1.8464535 1.8961237 1.8677312 1.8920041 1.8932743 1.8345081 1.3362684 1.5559597 1.6403368 1.0096374 1.5564125 1.5555664 1.5522501 1.9098896 1.0114181 1.8253690 1.8359815 1.8283727 0.9864786 1.2330291 1.2339196 1.5488859 1.6763889 1.6759408 1.5440798 1.4756371 1.5625076 1.5745172 1.5803284 0.8441009 0.3935434 0.1584516 0.5217692 0.3789453 0.3784721 0.1138177 0.0000000 0.0000010 0.0000010 0.0000010 0.0970054 0.4093194 
XR_007507260.1_Astur_gentilis           1.9021925 1.8716571 1.9005815 2.2652208 2.1890797 1.8840034 2.1785259 1.8979199 1.8962155 1.8774191 1.8464535 1.8961237 1.8677312 1.8920041 1.8932743 1.8345081 1.3362684 1.5584189 1.6435665 1.0096374 1.5586599 1.5573688 1.5540067 1.9006116 1.0114181 1.8168015 1.8272428 1.8185762 0.9864786 1.2330291 1.2339196 1.5468696 1.6744199 1.6739645 1.5464127 1.4773109 1.5607014 1.5727724 1.5785665 0.8441009 0.3761216 0.1584516 0.5129691 0.3734219 0.3729453 0.1138177 0.0000010 0.0000000 0.0000010 0.0000010 0.0970054 0.4029133 
XR_007507257.1_Astur_gentilis           1.9021925 1.8716571 1.9005815 2.2652208 2.1890797 1.8840034 2.1785259 1.8979199 1.8962155 1.8774191 1.8464535 1.8961237 1.8677312 1.8920041 1.8932743 1.8345081 1.3362684 1.5559597 1.6403368 1.0096374 1.5564125 1.5555664 1.5522501 1.9098896 1.0114181 1.8253690 1.8359815 1.8283727 0.9864786 1.2330291 1.2339196 1.5488859 1.6763889 1.6759408 1.5440798 1.4756371 1.5625076 1.5745172 1.5803284 0.8441009 0.3935434 0.1584516 0.5217692 0.3789453 0.3784721 0.1138177 0.0000010 0.0000010 0.0000000 0.0000010 0.0970054 0.4093194 
XR_007507262.1_Astur_gentilis           1.3692294 1.3708828 1.3846664 1.9971183 1.8852319 1.2896976 1.8707274 1.3975036 1.3961728 1.3264263 1.2411372 1.3938311 1.3295499 1.3880618 1.3144714 1.2118360 0.8670631 0.8868410 0.9881266 0.8668506 1.0243044 1.2172070 1.2200114 1.4893379 0.8503370 1.3617812 1.3617812 1.2642821 0.7934423 1.1856323 1.1856323 1.1297635 1.2377770 1.2334527 0.8801329 0.9089821 1.2528693 1.2528693 1.2528693 0.7522238 0.0634368 0.0667916 0.0609298 0.0385274 0.0385274 0.0324874 0.0000010 0.0000010 0.0000010 0.0000000 0.0140908 0.0338620 
XM_049810218.1_Astur_gentilis           1.3950578 1.3629916 1.3729614 1.8461947 1.7569797 1.3027051 1.7464234 1.3811598 1.3801893 1.3274912 1.2721928 1.3840847 1.3359612 1.3797526 1.3255685 1.2513521 0.8028373 0.7524867 0.7935187 0.8338236 0.8653377 1.0723688 1.0646341 1.0348099 0.8113606 1.1029091 1.1136232 0.8110029 0.7700929 1.0781963 1.0684255 0.9804703 1.0025718 0.9985823 0.7593414 0.8028373 1.0994295 1.0974467 1.1080077 0.7134357 0.0396444 0.0649118 0.0219079 0.0202397 0.0202397 0.0202819 0.0970054 0.0970054 0.0970054 0.0140908 0.0000000 0.0134279 
XM_069780928.1_Haliaeetus_albicilla     1.6968500 1.6437524 1.6657764 2.0230565 1.9119579 1.6075976 1.9032886 1.6482779 1.6471024 1.6191985 1.5949735 1.6600886 1.6292882 1.6467978 1.6260165 1.5719420 1.1120436 1.2485983 1.3031911 0.8432909 1.2712607 1.3290859 1.3200683 1.7104166 0.8343183 1.6265817 1.6433836 1.6186218 0.7926641 1.0853913 1.0756297 1.3191800 1.3917038 1.3905336 1.2385150 1.2124485 1.3535325 1.3571041 1.3684856 0.6912452 0.0210372 0.0638194 0.0428621 0.0354865 0.0354865 0.0190207 0.4093194 0.4029133 0.4093194 0.0338620 0.0134279 0.0000000 
